160978
160979
161001
161014
161047
161048
161192
161193
161226
161227
161228
161237
161238
161240
161241
161242
161243
161244
161245
161246
161247
161396
161419
161434
161442
161445
161617
162311
162342
162694
162809
162816
162974
162975
162976
162978
162979
162980
162981
162982
162983
162984
162985
162986
162987
162988
162994
163020
163022
163023
163024
163025
163026
163027
163028
163029
163030
163031
163033
163034
163035
163036
163037
163038
163039
163040
163041
163042
163044
163045
163046
163047
163048
163049
163050
163051
163052
163053
163054
163055
163056
163057
163058
163059
163061
163062
163137
163211
163306
163307
163308
163309
163530
163702
163812
164224
164247
164274
164276
164277
164278
164286
164307
164323
164355
164361
164363
164365
164367
164370
164372
164373
164375
164453
164557
164558
164560
164562
164564
164582
164667
164668
164670
164674
164676
164678
164716
166783
166784
166792
166799
166800
166802
166817
166818
166820
166824
166827
166829
166855
166861
166862
166863
166871
166872
166877
166891
166915
166918
166919
166927
166931
166934
166937
166939
166942
166943
167146
167163
167323
167333
167335
167339
167340
167341
167343
167344
167345
167346
167415
167447
167448
167454
167456
167459
167461
167462
167469
167470
167471
167477
167478
167479
167500
167559
167560
167561
167562
167564
167565
167566
167611
167612
167614
167615
167617
167619
167621
160942
160980
160981
160994
160995
160996
160997
160999
161002
161003
161004
161005
161006
161007
161008
161009
161011
161012
161013
161015
161016
161017
161027
161028
161032
161035
161036
161037
161038
161040
161041
161042
161043
161044
161049
161050
161051
161053
161054
161056
161057
161058
161064
161065
161066
161067
161078
161102
161103
161104
161105
161106
161107
161108
161109
161110
161111
161116
161119
161122
161125
161136
161137
161138
161139
161140
161141
161142
161143
161144
161145
161146
161147
161148
161149
161150
161151
161152
161154
161155
161156
161157
161158
161159
161160
161179
161203
161212
161215
161216
161218
161219
161220
161221
161222
161223
161233
161252
161306
161307
161309
161310
161319
161320
161321
161322
161329
161336
161346
161347
161348
161349
161350
161351
161352
161353
161354
161364
161367
161370
161371
161372
161373
161374
161376
161381
161382
161383
161384
161385
161386
161389
161390
161392
161394
161397
161398
161399
161401
161403
161404
161405
161406
161409
161410
161411
161413
161414
161415
161437
161438
161444
161446
161447
161448
161449
161450
161452
161453
161454
161455
161456
161458
161459
161460
161461
161467
161468
161469
161470
161471
161472
161473
161474
161475
161476
161477
161478
161479
161480
161481
161483
161484
161485
161491
161492
161493
161494
161495
161496
161497
161498
161499
161500
161501
161502
161524
161525
161526
161527
161528
161529
161530
161552
161553
161554
161555
161556
161557
161558
161559
161560
161561
161564
161565
161567
161591
161592
161593
161595
161596
161597
161598
161599
161608
161609
161610
161611
161614
161623
161624
161625
161626
161627
161628
161629
161630
161631
161633
161635
161636
161637
161638
161639
161640
161641
161642
161643
161644
161645
161646
161647
161648
161649
161650
162307
162312
162313
162314
162336
162337
162344
162439
162453
162454
162504
162505
162506
162695
162696
162707
162708
162709
162760
162761
162762
162763
162764
162765
162766
162767
162768
162769
162770
162771
162798
162799
162807
162815
162887
162911
162914
162930
162973
163019
163021
163032
163117
163118
163119
163120
163121
163127
163201
163202
163204
163205
163206
163208
163214
163215
163216
163217
163218
163219
163220
163238
163240
163244
163249
163250
163251
163252
163253
163262
163263
163265
163290
163292
163293
163294
163297
163430
163432
163435
163436
163437
163708
163710
163711
163715
163716
163717
163718
163719
163723
163724
163725
163726
163727
163737
163740
163799
163802
163804
163808
164103
164104
164105
164106
164107
164108
164109
164110
164111
164169
164186
164190
164191
164192
164194
164206
164208
164209
164210
164211
164212
164213
164215
164216
164218
164222
164240
164241
164242
164244
164246
164248
164250
164251
164252
164253
164254
164262
164263
164264
164265
164266
164267
164268
164269
164270
164271
164282
164284
164285
164287
164288
164298
164304
164309
164310
164312
164315
164318
164320
164322
164325
164326
164327
164328
164329
164336
164337
164345
164346
164348
164353
164356
164359
164362
164426
164427
164428
164429
164430
164431
164432
164433
164434
164435
164436
164440
164441
164442
164443
164447
164452
164454
164456
164463
164464
164549
164552
164559
164565
164567
164568
164569
164570
164572
164573
164575
164576
164577
164578
164585
164620
164666
164675
164681
164704
164705
164719
164775
164776
164778
164780
164787
164789
164790
164792
164793
164797
164798
164799
164800
164801
164806
164826
164827
164828
164829
164830
164835
164837
164839
164840
164841
164843
164844
164845
164846
164847
164848
164851
164931
164956
164957
164958
164960
164965
164966
164967
164973
164974
164975
164977
164978
164979
164980
164981
164982
164985
164986
164987
164991
164993
165102
165113
165158
165196
165260
165262
165264
165286
165306
165307
165308
165309
165311
165315
165316
165317
165319
165320
165322
165323
165325
165400
165402
165403
165405
165406
165407
165408
165410
165413
165415
165419
165420
165489
165491
165492
165494
165495
165498
165500
165502
165506
165509
165510
165512
165514
165515
165679
165692
165707
165708
165710
165714
165720
165721
165725
165732
165733
166021
166052
166106
166107
166109
166110
166111
166114
166115
166117
166131
166136
166137
166138
166140
166141
166142
166143
166144
166146
166147
166158
166162
166163
166168
166171
166172
166173
166174
166175
166176
166177
166253
166263
166265
166308
166309
166310
166313
166316
166326
166327
166343
166345
166348
166352
166353
166357
166358
166359
166360
166387
166389
166412
166415
166417
166419
166428
166429
166430
166431
166432
166433
166434
166444
166455
166498
166515
166549
166556
166566
166567
166568
166569
166577
166578
166579
166580
166582
166584
166595
166600
166602
166603
166604
166606
166608
166609
166612
166613
166615
166617
166618
166619
166668
166676
166678
166679
166683
166685
166722
166728
166731
166737
166739
166740
166786
166788
166789
166790
166791
166797
166798
166833
166842
166843
166844
166845
166846
166847
166848
166849
166850
166851
166852
166853
166854
166858
166868
166883
166889
166911
166916
166917
166920
166921
166922
166923
167130
167143
167144
167145
167147
167148
167149
167151
167152
167153
167161
167164
167165
167166
167167
167168
167169
167170
167172
167173
167174
167175
167176
167177
167179
167180
167181
167182
167183
167184
167185
167190
167192
167193
167194
167195
167196
167197
167198
167199
167200
167201
167202
167203
167204
167205
167207
167208
167209
167210
167211
167212
167213
167214
167215
167216
167217
167218
167219
167220
167225
167226
167227
167228
167229
167230
167231
167232
167233
167234
167235
167236
167237
167238
167239
167241
167244
167246
167251
167252
167253
167254
167255
167256
167257
167258
167259
167260
167261
167262
167263
167264
167265
167266
167267
167268
167270
167271
167272
167273
167274
167275
167276
167279
167280
167281
167284
167285
167286
167287
167291
167292
167294
167295
167296
167297
167298
167299
167300
167301
167302
167303
167305
167307
167308
167309
167310
167311
167313
167314
167322
167328
167348
167349
167350
167351
167353
167354
167355
167356
167357
167358
167364
167365
167366
167367
167368
167369
167370
167371
167372
167373
167374
167375
167376
167377
167378
167379
167380
167381
167382
167384
167386
167388
167389
167391
167392
167399
167400
167401
167402
167403
167406
167408
167412
167417
167424
167425
167521
167522
167526
167528
167529
167530
167531
167532
167533
167535
167537
167547
167551
167552
167553
167554
167555
167563
167567
167568
167569
167570
167571
167572
167602