160978
160979
161001
161014
161047
161048
161192
161193
161226
161227
161228
161237
161238
161240
161241
161242
161243
161244
161245
161246
161247
161396
161419
161434
161442
161445
161617
162311
162342
162694
162809
162816
162974
162975
162976
162978
162979
162980
162981
162982
162983
162984
162985
162986
162987
162988
162994
163020
163022
163023
163024
163025
163026
163027
163028
163029
163030
163031
163033
163034
163035
163036
163037
163038
163039
163040
163041
163042
163044
163045
163046
163047
163048
163049
163050
163051
163052
163053
163054
163055
163056
163057
163058
163059
163061
163062
163137
163211
163306
163307
163308
163309
163530
163702
163812
164224
164247
164274
164276
164277
164278
164286
164307
164323
164355
164361
164363
164365
164367
164370
164372
164373
164375
164453
164557
164558
164560
164562
164564
164582
164667
164668
164670
164674
164676
164678
164716
166783
166784
166792
166799
166800
166802
166817
166818
166820
166824
166827
166829
166855
166861
166862
166863
166871
166872
166877
166891
166915
166918
166919
166927
166931
166934
166937
166939
166942
166943
167146
167163
167323
167333
167335
167339
167340
167341
167343
167344
167345
167346
167415
167447
167448
167454
167456
167459
167461
167462
167469
167470
167471
167477
167478
167479
167500
167559
167560
167561
167562
167564
167565
167566
167611
167612
167614
167615
167617
167619
167621
