1120105021
1120105027
1120105029
1120105033
1120106009
1120106022
1120106024
1120117027
1120117030
1120118001
1120118006
1120118008
1120118009
1120118017
1120118025
1120118027
1120118030
1120118031
1120118032
1120119001
1120125008
1120125017
1120131006
1120131007
1120131008
1120131009
1120131010
1120131011
1120131012
1120203005
1120203013
1120203016
1120203021
1120203022
1120207010
1120207021
1120207025
1120207027
1120207028
1120208003
1120208015
1120209005
1120210004
1120210016
1120210018
1120210019
1120210022
1120210024
1120214003
1120214008
1120214025
1120215003
1120215005
1120215009
1120215010
1120215012
1120215018
1120216002
1120216004
1120216019
1120216024
1120216027
1120216029
1120217021
1120217025
1120221002
1120221003
1120221007
1120222008
1120222010
1120222011
1120222013
1120222014
1120222015
1120222020
1120223005
1120223007
1120223012
1120223017
1120223019
1120224007
1120224018
1120224021
1120427020
1120501008
1120501021
1120503017
1120510007
1120510008
1120514008
1120517030
1120518005
1120523033
1120531021
1120601015
1120605015
1120605025
1120607001
1120607006
1120613001
1120613031
1120615013
1120615016
1120615018
1120615019
1120615020
1120620020
1120620021
1120620025
1120621001
1120621011
1120621012
1120621015
1120621020
1120621021
1120621024
1120626008
1120626017
1120626020
1120626021
1120629014
1120703011
1120705009
1120705019
1120705023
1120705027
1120706013
1120706025
1120710019
1120710027
1120711016
1120712011
1120713004
1120713007
1120713014
1120713018
1120713020
1120713023
1120713025
1120713028
1120717002
1120717003
1120717013
1120717019
1120718010
1120718011
1120718012
1120718013
1120719001
1120719002
1120719003
1120719010
1120720012
1120720014
1120720018
1120720023
1120724002
1120724003
1120724009
1120724010
1120725001
1120727003
1120727006
1120727008
1120727010
1120727026
1120731002
1120731004
1120731005
1120731006
1120731011
1120801007
1120801010
1120801012
1120801026
1120801032
1120801033
1120802006
1120802007
1120802008
1120802009
1120802010
1120802011
1120802012
1120802013
1120802014
1120802015
1120802016
1120802017
1120802018
1120802019
1120802020
1120802021
1120802023
1120802024
1120802025
1120802026
1120802027
1120802028
1120802029
1120802030
1120803008
1120807003
1120807032
1120809024
1120814004
1120814006
1120821019
1120821032
1120824007
1120824009
1120824012
1120824015
1120824017
1120824020
1120824021
1120824024
1120824026
1120828014
1120828015
1120828021
1120828032
1120828033
1120828034
1120828035
1120829005
1120829007
1120829018
1120829019
1120829024
1120830004
1120830005
1120830012
1120830023
1120830024
1120830026
1120830027
1120831001
1120831002
1120831013
1120831016
1120831017
1120904009
1120904011
1120904012
1120904026
1120904028
1120905014
1120905015
1120905018
1120905020
1120906002
1120906003
1120906008
1120906020
1120907004
1120907017
1120907018
1120907020
1120907022
1120907025
1120907034
1120911002
1120911003
1120911004
1120911005
1120911006
1120911007
1120911008
1120911009
1120911010
1120911012
1120911013
1120911014
1120911016
1120911018
1120911019
1120911021
1120912002
1120912003
1120912013
1120913013
1120913024
1120913027
1120914016
1120914017
1120914018
1120914030
1120914032
1120914033
1120917011
1120917013
1120917014
1120917017
1120926029
1120926033
1120927005
1120927006
1120927009
1120927011
1120927013
1120927014
1120927020
1120927023
1120927024
1120927033
1121001002
1121001017
1121001031
1121002004
1121002011
1121002014
1121002019
1121002024
1121002025
1121002026
1140129016
1140129018
1140130001
1140130013
1140130027
1140131001
1140131005
1140131007
1140131011
1140205004
1140205005
1140205006
1140205007
1140205008
1140205010
1140205022
1140205027
1140205030
1140206002
1140206006
1140206010
1140206018
1140207006
1140220018
1140220021
1140220025
1140224011
1140224020
1140225012
1140226001
1140226002
1140226003
1140226004
1140226005
1140226006
1140226007
1140226008
1140226010
1140226011
1140226013
1140226016
1140226017
1140226020
1140226021
1140226022
1140226023
1140226024
1140226025
1140226026
1140226027
1140227006
1140227009
1140227019
1140227030
1140228002
1140228004
1140228009
1140228014
1140327019
1140328012
1140328013
1140328017
1140328019
1140328025
1140402009
1140402011
1140408031
1140410005
1140410006
1140411018
1140411019
1140411022
1140415001
1140415008
1140415009
1140416023
1140509013
1140515001
1140515007
1140515013
1140515014
1140515015
1140515017
1140515023
1140515024
1140521001
1140521026
1140522001
1140522003
1140522004
1140522005
1140522006
1140522007
1140522008
1140522010
1140522018
1140522020
1140522021
1140523015
1140523018
1140523020
1140523022
1140523024
1140605001
1140605020
1140605022
1140605029
1140605033
1140606001
1140606002
1140606009
1140606030
1140610006
1140610007
1140610013
1140610016
1140611001
1140611016
1140611017
1140611018
1140611021
1140612007
1140612023
1140612030
1140612032
1140613004
1140613016
1140613022
1140613025
1140617002
1140617032
1140618005
1140618007
1140619007
1140619022
1140625004
1140625005
1140625018
1140625019
1140701015
1140701017
1140701018
1140701029
1140702002
1140702003
1140702004
1140702005
1140702006
1140702009
1140702012
1140702013
1140702021
1140710009
1140711027
1140714018
1140714031
1140715012
1140715016
1140715025
1140717002
1140722018
1140723001
1140724022
1140725003
1140725013
1140725015
1140725017
1140730023
1140730028
1140731004
1140731027
1140731030
1140731037
1140805004
1140805008
1140805009
1140805010
1140805011
1140805012
1140805018
1140805026
1140805031
1140805032
1140805034
1140806023
1140808001
1140808003
1140808005
1140808007
1140808008
1140808009
1140808013
1140808014
1140808015
1140808016
1140808017
1140808019
1140808030
1140814004
1140814026
1140814030
1140815006
1140819016
1140819017
1140819023
1140819024
1140819025
1140820003
1140820008
1140820020
1140820021
1140820027
1140820028
1140820031
1140821002
1140822015
1140826003
1140826004
1140826009
1140826011
1140826015
1140826026
1140827013
1140827014
1140827029
1140827030
1150430014
1150430019
1150430022
1150430025
1150430027
1150506022
1150515004
1150515007
1150520008
1150520009
1150522029
1150602004
1150602020
1150602028
1150605001
1150605003
1150605005
1150605006
1150605007
1150605008
1150605009
1150605010
1150605012
1150605013
1150605014
1150605016
1150605017
1150605018
1150605019
1150605020
1150605021
1150605022
1150605023
1150605024
1150605025
1150605026
1150610006
1150610007
1150610008
1150610009
1150610010
1150610011
1150610012
1150610013
1150610014
1150610015
1150610017
1150610019
1150610021
1150610023
1150611002
1150612025
1150612027
1150616004
1150616005
1150616007
1150616015
1150616020
1150616023
1150617012
1150617016
1150618009
1150618018
1150618026
1150618027
1150618028
1150618030
1150618031
1150618032
1150618033
1150618034
1150618036
1150618037
1150623007
1150624010
1150624012
1150625009
1150630015
1150630019
1150708002
1150708003
1150708004
1150708020
1150708021
1150708024
1150709006
1150709007
1150709008
1150709026
1150709032
1150709033
1150714002
1150714007
1150714012
1150714014
1150714029
1150715008
1150715014
1150715015
1150715017
1150716002
1150716008
1150717010
1150717019
1150721019
1150721024
1150722005
1150722006
1150722007
1150723016
1150723029
1150723031
1150724016
1150728005
1150728028
1150728029
1150729001
1150729004
1150729006
1150729007
1150729008
1150729012
1150805012
1150805022
1150806004
1150806007
1150806008
1150806009
1150806017
1150806024
1150806026
1150806029
1150806033
1150807009
1150812006
1150813019
1150813029
1150818006
1150818014
1150819024
1150820008
1150820009
1150820010
1150820011
1150820018
1150820020
1150820031
1150821001
1150826017
1150827004
1150827005
1150827007
1150827008
1150827009
1150903011
1150903012
1150903013
1150903023
1150903024
1150903026
1150904001
1150904009
1150904010
1150904012
1150904014
1150904015
1150904017
1150904020
1150904025
1150904026
1150904027
1150904029
1150915022
1150915029
1150916001
1150916002
1150916008
1150916025
1150916026
1150917001
1150918004
1150918018
1150922019
1150922022
1150922025
1150922026
1150922027
1150922028
1150923012
1150923014
1150923034
1150925001
1150925015
1150925019
1150925023
1150928005
1150928013
1150928016
1150928025
1150928026
1150929010
1150930014
1151002009
1151002016
1151002017
1151002023
1160405017
1160412004
1160412021
1160412028
1160412031
1160413005
1160415006
1160415011
1160415016
1160415023
1160415025
1160415030
1160427016
1160503007
1160503009
1160503011
1160503015
1160503020
1160503023
1160503026
1160503027
1160504006
1160504007
1160504009
1160504010
1160504012
1160505018
1160506005
1160506016
1160511003
1160511006
1160511007
1160511008
1160511009
1160511011
1160511012
1160511013
1160511014
1160511015
1160511016
1160511017
1160511018
1160511019
1160511020
1160511022
1160511023
1160511025
1160511027
1160512001
1160512002
1160512003
1160512004
1160512005
1160512006
1160512007
1160512008
1160512016
1160512020
1160512023
1160512027
1160512030
1160512032
1160513004
1160513005
1160513006
1160513007
1160513008
1160513009
1160513010
1160513012
1160513013
1160513014
1160513015
1160513016
1160513017
1160513019
1160513020
1160513022
1160513027
1160520006
1160520018
1160525006
1160525019
1160607003
1160607018
1160607026
1160607030
1160607031
1160608008
1160608015
1160608017
1160609002
1160609005
1160609013
1160609026
1160609027
1160615010
1160615019
1160615023
1160617008
1160617015
1160617016
1160617018
1160617021
1160617022
1160617027
1160617033
1160617034
1160621003
1160628002
1160628003
1160628004
1160628005
1160628006
1160628007
1160628008
1160706001
1160707001
1160707002
1160707003
1160707004
1160707005
1160707006
1160707007
1160707008
1160707009
1160707010
1160707011
1160707012
1160707013
1160707014
1160707015
1160708011
1160708015
1160708021
1160712003
1160712006
1160712012
1160712018
1160714006
1160714013
1160714017
1160714025
1160714027
1160714033
1160718013
1160720012
1160720019
1160720021
1160721012
1160721020
1160722007
1160722008
1160725019
1160725026
1160728002
1160728004
1160728013
1160728021
1160728022
1160728023
1160729018
1160803023
1160803028
1160803029
1160803030
1160803035
1160804012
1160804025
1160804029
1160805001
1160805006
1160805017
1160809004
1160809012
1160809014
1160810004
1160810009
1160811011
1160811013
1160811015
1160816006
1160816009
1160816017
1160816018
1160816019
1160816020
1160816025
1160816026
1160817002
1160817009
1160818017
1160819006
1160819008
1160823006
1160823007
1160823019
1160824002
1160824003
1160824004
1160824005
1160824019
1160824024
1160825001
1160826007
1160826009
1160826022
1160826024
1160826028
1160831016
1160831018
1160901007
1160901013
1160901017
1160902007
1160902013
1160902019
1160907004
1160907007
1160907011
1160907014
1160908010
1160908012
1160908014
1160908018
1160908020
1160908021
1160909025
1160909026
1160915015
1160915021
1160916007
1160916008
1160920023
1160921016
1160922001
1160922018
1160922020
1160922022
1160922025
1160922027
1160922029
1160922032
1160923006
1160923016
1160923025
1160926032
1160928020
1160929001
1160929004
1160929007
1160929008
1160929009
1160929027
1160929028
1160929030
1160930009
1160930011
1160930015
1160930023
1160930025
1160930030
1160930034
1160930038
1160930039
